0, -3.6, 0.000
0.5, -3.51, 0.508
1, -3.42, 1.016
1.5, -3.33, 1.524
2, -3.24, 2.032
2.5, -3.15, 2.540
3, -3.06, 3.048
3.5, -2.97, 3.556
4, -2.88, 4.064
4.5, -2.79, 4.572
5, -2.7, 5.080
5.5, -2.61, 5.588
6, -2.52, 6.096
6.5, -2.43, 6.604
7, -2.34, 7.112
7.5, -2.25, 7.621
8, -2.16, 8.129
8.5, -2.07, 8.637
9, -1.98, 9.145
9.5, -1.89, 9.653
10, -1.8, 10.161
10.5, -1.71, 10.669
11, -1.62, 11.177
11.5, -1.53, 11.685
12, -1.44, 12.193
12.5, -1.35, 12.701
13, -1.26, 13.209
13.5, -1.17, 13.717
14, -1.08, 14.225
14.5, -0.99, 14.733
15, -0.9, 15.241
15.5, -0.81, 15.749
16, -0.72, 16.257
16.5, -0.63, 16.765
17, -0.54, 17.273
17.5, -0.45, 17.781
18, -0.36, 18.289
18.5, -0.27, 18.797
19, -0.18, 19.305
19.5, -0.09, 19.813
20, 0, 20.321
20.5, 0.0899, 20.829
21, 0.1793, 21.337
21.5, 0.2677, 21.845
22, 0.3546, 22.353
22.5, 0.4395, 22.860
23, 0.522, 23.367
23.5, 0.6015, 23.873
24, 0.6776, 24.379
24.5, 0.7499, 24.884
25, 0.818, 25.388
25.5, 0.8815, 25.892
26, 0.94, 26.396
26.5, 0.9932, 26.899
27, 1.0409, 27.401
27.5, 1.0827, 27.903
28, 1.1184, 28.404
28.5, 1.1479, 28.905
29, 1.1709, 29.405
29.5, 1.1873, 29.906
30, 1.197, 30.406
30.5, 1.2, 30.906
31, 1.1962, 31.406
31.5, 1.1858, 31.906
32, 1.1686, 32.406
32.5, 1.1449, 32.907
33, 1.1148, 33.408
33.5, 1.0783, 33.909
34, 1.0359, 34.411
34.5, 0.9875, 34.913
35, 0.9337, 35.416
35.5, 0.8746, 35.919
36, 0.8106, 36.423
36.5, 0.742, 36.928
37, 0.6692, 37.433
37.5, 0.5927, 37.939
38, 0.5129, 38.446
38.5, 0.4301, 38.952
39, 0.345, 39.460
39.5, 0.2579, 39.967
40, 0.1693, 40.475
40.5, 0.0799, 40.983
41, -0.0101, 41.491
41.5, -0.1, 41.999
42, -0.1893, 42.507
42.5, -0.2776, 43.015
43, -0.3642, 43.522
43.5, -0.4489, 44.029
44, -0.531, 44.536
44.5, -0.6102, 45.042
45, -0.6859, 45.548
45.5, -0.7577, 46.053
46, -0.8253, 46.557
46.5, -0.8883, 47.061
47, -0.9462, 47.565
47.5, -0.9989, 48.067
48, -1.0459, 48.570
48.5, -1.087, 49.071
49, -1.1221, 49.573
49.5, -1.1508, 50.073
50, -1.173, 50.574
50.5, -1.1887, 51.074
51, -1.1977, 51.574
51.5, -1.1999, 52.074
52, -1.1954, 52.574
52.5, -1.1842, 53.074
53, -1.1663, 53.575
53.5, -1.1418, 54.075
54, -1.111, 54.576
54.5, -1.0739, 55.078
55, -1.0307, 55.579
55.5, -0.9818, 56.082
56, -0.9273, 56.585
56.5, -0.8676, 57.088
57, -0.8031, 57.593
57.5, -0.734, 58.097
58, -0.6608, 58.603
58.5, -0.5839, 59.108
59, -0.5037, 59.615
59.5, -0.4207, 60.122
60, -0.3353, 60.629
60.5, -0.248, 61.137
61, -0.1594, 61.644
61.5, -0.0698, 62.152
62, 0.0202, 62.660
62.5, 0.11, 63.168
63, 0.1993, 63.676
63.5, 0.2874, 64.184
64, 0.3738, 64.691
64.5, 0.4582, 65.198
65, 0.5401, 65.705
65.5, 0.6188, 66.211
66, 0.6941, 66.717
66.5, 0.7655, 67.222
67, 0.8326, 67.726
67.5, 0.895, 68.230
68, 0.9524, 68.734
68.5, 1.0044, 69.236
69, 1.0508, 69.738
69.5, 1.0913, 70.240
70, 1.1256, 70.741
70.5, 1.1536, 71.242
71, 1.1751, 71.743
71.5, 1.19, 72.243
72, 1.1983, 72.743
72.5, 1.1997, 73.243
73, 1.1945, 73.743
73.5, 1.1825, 74.243
74, 1.1639, 74.743
74.5, 1.1387, 75.244
75, 1.1071, 75.745
75.5, 1.0693, 76.246
76, 1.0255, 76.748
76.5, 0.9759, 77.251
77, 0.9209, 77.754
77.5, 0.8606, 78.257
78, 0.7956, 78.762
78.5, 0.726, 79.266
79, 0.6524, 79.772
79.5, 0.5751, 80.278
80, 0.4945, 80.784
80.5, 0.4112, 81.291
81, 0.3256, 81.798
81.5, 0.2381, 82.306
82, 0.1493, 82.814
82.5, 0.0597, 83.322
83, -0.0303, 83.830
83.5, -0.1201, 84.338
84, -0.2092, 84.846
84.5, -0.2971, 85.353
85, -0.3834, 85.861
85.5, -0.4675, 86.368
86, -0.549, 86.874
86.5, -0.6275, 87.380
87, -0.7023, 87.886
87.5, -0.7733, 88.391
88, -0.8398, 88.895
88.5, -0.9017, 89.399
89, -0.9585, 89.902
89.5, -1.0099, 90.405
90, -1.0556, 90.907
90.5, -1.0954, 91.409
91, -1.1291, 91.910
91.5, -1.1563, 92.411
92, -1.1771, 92.911
92.5, -1.1913, 93.411
93, -1.1988, 93.911
93.5, -1.1995, 94.411
94, -1.1935, 94.911
94.5, -1.1807, 95.412
95, -1.1614, 95.912
95.5, -1.1355, 96.413
96, -1.1032, 96.914
96.5, -1.0647, 97.415
97, -1.0202, 97.917
97.5, -0.97, 98.420
98, -0.9144, 98.923
98.5, -0.8536, 99.426
99, -0.788, 99.931
99.5, -0.718, 100.436
100, -0.6439, 100.941
100.5, -0.5662, 101.447
101, -0.4853, 101.953
101.5, -0.4017, 102.460
102, -0.3159, 102.968
102.5, -0.2282, 103.475
103, -0.1393, 103.983
103.5, -0.0496, 104.491
104, 0.0403, 104.999
104.5, 0.1301, 105.507
105, 0.2191, 106.015
105.5, 0.3069, 106.523
106, 0.393, 107.030
106.5, 0.4768, 107.537
107, 0.558, 108.044
107.5, 0.636, 108.550
108, 0.7105, 109.055
108.5, 0.781, 109.560
109, 0.847, 110.064
109.5, 0.9083, 110.568
110, 0.9645, 111.071
110.5, 1.0153, 111.574
111, 1.0604, 112.076
111.5, 1.0995, 112.577
112, 1.1324, 113.079
112.5, 1.159, 113.579
113, 1.179, 114.080
113.5, 1.1925, 114.580
114, 1.1992, 115.080
114.5, 1.1991, 115.580
115, 1.1924, 116.080
115.5, 1.1789, 116.580
116, 1.1588, 117.081
116.5, 1.1322, 117.581
117, 1.0992, 118.082
117.5, 1.06, 118.584
118, 1.0149, 119.086
118.5, 0.9641, 119.588
119, 0.9078, 120.092
119.5, 0.8465, 120.595
120, 0.7803, 121.100
120.5, 0.7098, 121.605
121, 0.6354, 122.110
121.5, 0.5573, 122.616
122, 0.4761, 123.123
122.5, 0.3922, 123.630
123, 0.3061, 124.137
123.5, 0.2183, 124.645
124, 0.1293, 125.153
124.5, 0.0395, 125.661
125, -0.0504, 126.169
125.5, -0.1401, 126.677
126, -0.229, 127.184
126.5, -0.3166, 127.692
127, -0.4025, 128.199
127.5, -0.4861, 128.706
128, -0.5669, 129.213
128.5, -0.6446, 129.719
129, -0.7186, 130.224
129.5, -0.7886, 130.729
130, -0.8541, 131.233
130.5, -0.9149, 131.737
131, -0.9705, 132.240
131.5, -1.0207, 132.743
132, -1.0651, 133.245
132.5, -1.1035, 133.746
133, -1.1357, 134.247
133.5, -1.1616, 134.748
134, -1.1809, 135.248
134.5, -1.1935, 135.748
135, -1.1995, 136.248
135.5, -1.1987, 136.748
136, -1.1912, 137.249
136.5, -1.177, 137.749
137, -1.1561, 138.249
137.5, -1.1288, 138.750
138, -1.0951, 139.251
138.5, -1.0553, 139.753
139, -1.0095, 140.255
139.5, -0.958, 140.757
140, -0.9012, 141.261
140.5, -0.8393, 141.764
141, -0.7727, 142.269
141.5, -0.7017, 142.774
142, -0.6268, 143.279
142.5, -0.5483, 143.786
143, -0.4668, 144.292
143.5, -0.3827, 144.799
144, -0.2964, 145.307
144.5, -0.2084, 145.814
145, -0.1193, 146.322
145.5, -0.0295, 146.830
145.6637, 0, 146.996
146.1637, 0.09, 147.504
146.6637, 0.18, 148.012
147.1637, 0.27, 148.521
147.6637, 0.36, 149.029
148.1637, 0.45, 149.537
148.6637, 0.54, 150.045
149.1637, 0.63, 150.553
149.6637, 0.72, 151.061
150.1637, 0.81, 151.569
150.6637, 0.9, 152.077
151.1637, 0.99, 152.585
151.6637, 1.08, 153.093
152.1637, 1.17, 153.601
152.6637, 1.26, 154.109
153.1637, 1.35, 154.617
153.6637, 1.44, 155.125
154.1637, 1.53, 155.633
154.6637, 1.62, 156.141
155.1637, 1.71, 156.649
155.6637, 1.8, 157.157
156.1637, 1.89, 157.665
156.6637, 1.98, 158.173
157.1637, 2.07, 158.681
157.6637, 2.16, 159.189
158.1637, 2.25, 159.697
158.6637, 2.34, 160.205
159.1637, 2.43, 160.713
159.6637, 2.52, 161.221
160.1637, 2.61, 161.729
160.6637, 2.7, 162.237
161.1637, 2.79, 162.746
161.6637, 2.88, 163.254
162.1637, 2.97, 163.762
162.6637, 3.06, 164.270
163.1637, 3.15, 164.778
163.6637, 3.24, 165.286
164.1637, 3.33, 165.794
164.6637, 3.42, 166.302
165.1637, 3.51, 166.810
165.6637, 3.6, 167.318
166.1637, 3.69, 167.826
166.6637, 3.78, 168.334
167.1637, 3.87, 168.842
167.6637, 3.96, 169.350
168.1637, 4.05, 169.858
168.6637, 4.14, 170.366
169.1637, 4.23, 170.874
169.6637, 4.32, 171.382
170.1637, 4.41, 171.890
170.6637, 4.5, 172.398
171.1637, 4.59, 172.906
171.6637, 4.68, 173.414
172.1637, 4.77, 173.922
172.6637, 4.86, 174.430
173.1637, 4.95, 174.938
173.6637, 5.04, 175.446
174.1637, 5.13, 175.954
174.6637, 5.22, 176.462
175.1637, 5.31, 176.971
175.6637, 5.4, 177.479
176.1637, 5.49, 177.987
176.6637, 5.58, 178.495
177.1637, 5.67, 179.003
177.6637, 5.76, 179.511
178.1637, 5.85, 180.019
178.6637, 5.94, 180.527
179.1637, 6.03, 181.035
179.6637, 6.12, 181.543
180.1637, 6.21, 182.051
180.6637, 6.3, 182.559
181.1637, 6.39, 183.067
181.6637, 6.48, 183.575
182.1637, 6.57, 184.083
182.6637, 6.66, 184.591
183.1637, 6.75, 185.099
183.6637, 6.84, 185.607
184.1637, 6.93, 186.115
184.6637, 7.02, 186.623
185.1637, 7.11, 187.131
185.6637, 7.2, 187.639
